0.0, 88.82567196480981, 73.83088784512888, 95.97916440561461, 74.33034373659252, 96.18731725128839, 90.59249417032296, 72.79423054061358, 89.90550594930212, 93.60555539069249, 87.42997197757758, 66.73080248281148, 70.6257743320383, 95.24704719832526, 107.32660434393702, 80.94442537939224, 73.25981162956946, 84.23182296495784, 77.82673062643708, 94.5462849613881, 80.95060222135473, 64.31174076325411, 78.82892870006543, 91.7442096265481, 67.20119046564577, 87.960218280766, 96.13012014972206, 82.60750571225353, 80.36168241145776, 101.40019723846694, 96.90717207719973, 74.97999733262199, 85.19976525789258, 78.13449942247023, 67.29041536504289, 96.05206921248495, 115.87061750072795, 120.48651376813922, 76.61592523751182, 98.93432164825309, 83.28265125462805, 99.54898291795854, 72.13875518748573, 100.72239075796404, 87.25823743349392, 101.20770721639731, 86.6717947200818, 84.5931439302264, 69.03622237637282, 82.82511696339462, 95.56673061269805, 83.11437902072059, 100.174847142384, 88.76936408468859, 111.79892664958818, 81.32650244538985, 87.07468059085832, 84.13679337840253, 82.95179322956196, 101.08412338245805, 73.81734213584231, 89.37001734362593, 100.7670581092849, 93.28451104015072, 87.06319543871567, 93.71766108903914, 82.84322543213779, 69.81403870282824, 68.30080526611674, 73.824115301167, 76.71375365604267, 69.77105417004964, 90.0, 209.84756372185979, 67.72739475278819, 88.47598544237866, 77.42738533619743, 97.63196197967139, 73.04108432930059, 83.2586331859946, 67.01492371106603, 75.9802605944465, 94.19660291114536, 78.51114570556209, 78.16648898345122, 85.73214099741124, 76.06576102294646, 75.70336848516055, 71.22499561249548, 94.39809320108114, 67.57958271549181, 94.59915433025816, 92.15204826806618, 90.26627277117406, 177.16094377712037, 85.06468127254695, 99.02524930541705, 74.18894796396563, 70.25667228100119, 81.35109095765097
88.82567196480981, 0.0, 57.40209055426466, 35.35533905932738, 49.749371855331, 38.262252939417984, 34.741905532080416, 52.278102490430925, 36.42801120017397, 32.95451410656816, 42.68489194082609, 81.88406438373708, 81.60882305241266, 33.34666400106613, 38.87158345115362, 57.18391382198319, 92.79547402756236, 38.379682124790975, 39.96248240537617, 38.61346915261564, 121.84826629870447, 62.465990746965666, 45.27692569068709, 39.153543900903784, 77.74316690230724, 42.05948168962618, 38.01315561749642, 126.68070097690493, 101.42977866484773, 37.603191353926334, 33.481338085566414, 52.24940191045253, 118.54534997206765, 45.902069670114, 74.32361670424818, 35.014282800023196, 147.4313399518569, 162.15116404145854, 43.3589667773576, 35.63705936241092, 43.42810150121693, 35.07135583350036, 59.430631832414505, 35.482389998420345, 41.012193308819754, 147.80730699123097, 33.2264954516723, 39.698866482558415, 71.97221686178632, 35.552777669262355, 39.408120990476064, 44.63182720884279, 35.70714214271425, 36.46916505762094, 41.46082488325576, 114.73447607410773, 35.35533905932738, 40.70626487409524, 103.66773847248719, 36.90528417449187, 46.8081189538738, 94.8525170989152, 34.785054261852174, 35.24202037341219, 36.24913792078372, 36.09709129556009, 66.92533152700851, 94.10632284814874, 65.01538279515087, 44.9221548904324, 49.18333050943175, 66.9776081985614, 34.49637662132068, 267.9440240050149, 55.72252686302013, 39.824615503479755, 47.25462940284264, 37.36308338453881, 48.52834223420371, 35.832945734337834, 63.66317616958802, 109.42120452636226, 33.60059523282288, 51.38093031466052, 104.77595143924965, 33.1058907144937, 46.32493928760188, 42.62628297189423, 63.111013301958636, 37.403208418530085, 62.80923498976882, 35.679125549822544, 33.734255586866, 35.52463933666322, 230.17819184275473, 37.17526059088221, 34.23448553724738, 74.61903242471053, 56.32051136131489, 40.19950248448356
73.83088784512888, 57.40209055426466, 0.0, 61.48983655857283, 56.142675390472796, 63.55312738174259, 59.93329625508679, 51.57518783291051, 60.89334939055332, 59.99166608788257, 60.14149981501958, 67.36467917239716, 70.2922470831599, 61.73329733620261, 72.05553413860729, 63.15853069855251, 80.4238770515324, 56.213877290220786, 52.0, 64.4980619863884, 95.15250916292223, 52.640288753007425, 54.96362433464518, 62.01612693485461, 65.50572494064927, 57.30619512757761, 63.08724118235002, 103.95672176439578, 82.8914953418021, 66.58077800686922, 62.94441992742486, 57.29746940310715, 96.70573922989266, 49.93996395673509, 61.91122676865643, 62.80923498976882, 129.61867149450345, 139.8356177803066, 51.56549233741495, 65.50572494064927, 55.29014378711634, 64.95382975621992, 55.380501984001555, 66.46803743153546, 55.380501984001555, 125.25973016097392, 55.86591089385369, 58.06031346797914, 65.64297372910524, 53.879495172096775, 60.778285596090974, 53.16954015223378, 65.02307282803544, 56.789083458002736, 75.51158851461145, 94.15412895885129, 55.326304774492215, 55.04543577809154, 82.19489035213807, 67.50555532695068, 51.76871642217914, 86.02325267042627, 65.85590330410783, 61.40846847137616, 55.632724182804495, 62.91263784010332, 68.51277253184256, 75.09327533141699, 54.80875842417888, 50.82322303829225, 55.85696017507576, 60.489668539346454, 60.091596750294464, 239.8520377232597, 49.71921157862421, 57.436921923097515, 54.97272050753901, 62.13694553162394, 51.65268628057983, 54.101755978895916, 55.190578906186516, 87.71544903835355, 60.4648658313239, 55.86591089385369, 85.19976525789258, 57.05260730238365, 51.07837115648854, 51.65268628057983, 57.89645930452051, 60.61352984276695, 56.60388679233962, 61.85466837676846, 60.07495318350236, 55.70457790882182, 204.67290978534507, 54.543560573178574, 64.7533782902483, 65.30696746902278, 57.5065213693195, 58.09475019311125
95.97916440561461, 35.35533905932738, 61.48983655857283, 0.0, 53.225933528685054, 31.74901573277509, 30.315012782448235, 52.848841046895245, 31.096623610932426, 28.106938645110393, 42.118879377305376, 89.13472948295743, 88.56635930193812, 26.645825188948457, 27.477263328068172, 57.60208329565867, 104.50358845513392, 38.63935817272331, 41.82104733265297, 29.68164415931166, 130.5565011786085, 68.76045375068433, 47.66550115125194, 36.0416425818802, 83.5344240418284, 38.22302970723278, 31.0, 134.40982106974178, 106.65833300778706, 25.298221281347036, 27.40437921208944, 56.85068161420758, 127.00787377166819, 44.93328387732194, 81.6333265278342, 27.640549922170507, 156.61417560361514, 171.51384783742682, 45.45327270945405, 26.570660511172846, 38.44476557348217, 27.018512172212592, 64.389440128021, 26.551836094703507, 37.841775856849004, 157.27364687066935, 30.397368307141328, 38.49675310984031, 76.69419795525604, 36.823905279043935, 29.30870177950569, 45.45327270945405, 27.073972741361768, 36.11094017053558, 29.13760456866693, 121.82774724995944, 31.591137997862628, 38.742741255621034, 106.51291001564083, 25.534290669607408, 48.85693400122443, 101.0099005048515, 25.37715508089904, 30.463092423455635, 32.95451410656816, 32.90896534380867, 72.42237223399962, 100.40916292848975, 72.51896303726357, 49.33558553417604, 53.879495172096775, 74.02702209328699, 30.854497241083024, 278.5067324141375, 61.554853586049575, 40.792156108742276, 51.526692111953004, 24.899799195977465, 53.056573579529235, 37.094473981982816, 70.4769465853906, 118.28355760628779, 27.477263328068172, 56.231663678038196, 111.58852987650657, 32.55764119219941, 47.89572005931219, 46.67976006793523, 67.46109990209172, 30.24896692450835, 69.24593850905626, 30.14962686336267, 29.086079144497972, 30.364452901377952, 240.77790596315103, 35.4964786985977, 25.059928172283335, 82.95782060782456, 62.849025449882674, 41.569219381653056
74.33034373659252, 49.749371855331, 56.142675390472796, 53.225933528685054, 0.0, 54.96362433464518, 49.35585071701227, 47.20169488482379, 46.84015371452148, 50.46781152378217, 53.28226721902888, 66.18156843109719, 65.67343450741707, 51.42956348249516, 62.048368229954285, 56.06246516163912, 84.04760555780278, 47.47630988187688, 44.0, 52.61178575186362, 103.51811435686027, 56.16938667993447, 44.77722635447622, 50.457903246171455, 64.35060217278468, 52.28766584960549, 53.08483775994799, 106.45656391223605, 87.91473141629905, 57.7148161220323, 53.14132102234569, 50.32891812864648, 100.47885349664377, 46.36809247747852, 63.221831672294975, 52.69724850502159, 136.20939761998804, 144.9482666333061, 47.94788837894741, 55.362442142665635, 49.56813492557492, 55.91958512006326, 55.326304774492215, 54.31390245600108, 50.149775672479336, 127.7888884058391, 44.86646854834911, 49.949974974968704, 60.423505360083176, 45.19955751995809, 52.87721626560914, 50.82322303829225, 56.0357029044876, 50.566787519082126, 65.28399497579785, 95.50392662084633, 47.38143096192854, 49.4368283772331, 89.27485648266257, 57.087651904768336, 45.86937976471886, 87.1550342780037, 57.0, 50.22947341949744, 47.46577714522327, 52.15361924162119, 67.468511173732, 79.75587752636166, 55.299186250793966, 45.68369512200168, 55.58776843874919, 57.38466694161429, 46.636895265444075, 248.14310387355115, 47.644516998286385, 49.64876634922564, 49.21381919745713, 55.09083408335728, 44.87761134463375, 47.29693436154187, 57.148928248918196, 91.90212184710427, 51.90375708944392, 51.81698563212646, 90.61456836513652, 46.486557196677836, 48.85693400122443, 45.60701700396552, 55.06359959174482, 51.264022471905186, 56.7626637852735, 53.32916650389353, 50.18964036531842, 50.80354318352215, 212.40291900065782, 46.42197755374064, 55.4346462061408, 65.88626564011653, 50.724747411889595, 50.149775672479336
96.18731725128839, 38.262252939417984, 63.55312738174259, 31.74901573277509, 54.96362433464518, 0.0, 33.926390907374746, 56.50663677834667, 34.88552708502482, 28.24889378365107, 43.3358973600409, 90.41570660012562, 91.27978965795221, 29.899832775452108, 31.984371183438952, 62.0966987850401, 104.85704554296768, 40.50925820105819, 45.221676218380054, 32.01562118716424, 130.64072871811456, 69.45502141674135, 50.05996404313531, 39.98749804626441, 84.3682404699778, 40.45985664828782, 34.48187929913333, 131.9772707703868, 106.55515003977987, 30.364452901377952, 31.606961258558215, 56.83308895353129, 127.87102877509041, 47.75981574503821, 82.04876598706406, 33.34666400106613, 156.05768164367944, 172.2585266394671, 46.92547282660026, 31.591137997862628, 45.27692569068709, 31.016124838541646, 66.91786009728644, 29.816103031751148, 39.949968710876355, 156.54072952429985, 33.91164991562634, 39.698866482558415, 76.8505042273634, 39.74921382870358, 32.264531609803356, 48.041648597857254, 29.24038303442689, 39.7994974842648, 33.36165463522455, 121.50720143267229, 35.805027579936315, 44.93328387732194, 108.51267207105353, 31.240998703626616, 51.468436929831086, 100.83154268382489, 29.765752132274432, 33.67491648096547, 35.21363372331802, 36.124783736376884, 64.95382975621992, 102.90772565750348, 74.59892760623305, 49.15282290977803, 55.991070716677676, 71.74956445860839, 33.13608305156178, 278.07193313961045, 63.75735251718032, 42.77849927241488, 52.88667128870941, 32.58834147360065, 56.753854494650845, 41.689327171351664, 70.2780193232564, 117.81765572273113, 32.66496594212215, 58.65151319446072, 113.71015785759863, 34.84250278036869, 50.714889332423866, 50.02999100539596, 71.96526940128828, 31.796226191169293, 70.71774883294857, 32.848135411313685, 32.09361307176243, 35.63705936241092, 239.6914683504609, 38.28837943815329, 30.066592756745816, 83.60621986431393, 63.76519426771944, 45.18849411078001
90.59249417032296, 34.741905532080416, 59.93329625508679, 30.315012782448235, 49.35585071701227, 33.926390907374746, 0.0, 51.749396131742444, 31.843366656181317, 28.548204847240395, 42.555845661906424, 83.72574275573791, 82.80700453464067, 27.874719729532707, 32.0624390837628, 55.452682532047085, 98.91410415102591, 34.92849839314596, 38.07886552931954, 32.71085446759225, 125.44321424453376, 64.07027391856539, 43.37049688440288, 35.77708763999664, 80.18104514160439, 40.570925550201586, 34.17601498127012, 130.034610777285, 104.1393297462587, 31.352830813181765, 29.189039038652847, 53.28226721902888, 120.9710709219357, 43.22036556994862, 77.4919350642375, 31.12876483254676, 150.89400253157845, 165.44485486106845, 44.034077712607996, 30.54504869860253, 41.53311931459037, 29.816103031751148, 61.29437168288782, 30.463092423455635, 40.13726448077895, 151.30763364747992, 29.88310559496787, 37.48332962798263, 73.05477397131553, 34.07345007480164, 33.704599092705436, 45.332107826572546, 31.78049716414141, 34.36568055487916, 35.09985754956849, 116.957257149781, 32.2335229225724, 39.87480407475377, 104.60401521930217, 30.708305065568176, 47.031904065219386, 97.28309205612247, 28.687976575562104, 30.4138126514911, 33.03028912982749, 32.984845004941285, 70.8660708661063, 96.11971701997463, 66.48308055437865, 44.75488800120049, 52.55473337388365, 69.60603422117941, 28.687976575562104, 271.92829937319874, 57.654141221598294, 39.07684736515984, 48.041648597857254, 32.449961479175904, 49.33558553417604, 35.14256678161116, 66.70832032063167, 113.01327355669333, 28.0, 52.46903848937962, 107.37318100903968, 31.416556144810016, 45.92385001282014, 42.16633728461603, 64.0, 32.58834147360065, 64.68384651518491, 29.393876913398138, 29.068883707497267, 32.357379374726875, 234.1217631917204, 32.01562118716424, 29.068883707497267, 77.29812416870153, 58.52349955359813, 38.691084244306204
72.79423054061358, 52.278102490430925, 51.57518783291051, 52.848841046895245, 47.20169488482379, 56.50663677834667, 51.749396131742444, 0.0, 50.17967716117751, 53.786615435440815, 55.614746245937326, 65.62011886609167, 68.4470598345904, 54.17564028232615, 65.13063795173512, 56.52433104425032, 80.17480901130978, 49.839743177508446, 48.16637831516918, 55.263007518592396, 100.36931802099683, 52.96225070746144, 45.13313638558703, 52.76362383309168, 59.824744044584094, 50.774009099144415, 53.777318638995006, 103.52294431670691, 81.61494961096282, 58.881236400062114, 55.47972602672079, 48.52834223420371, 97.52948272189288, 40.422765862815474, 60.6217782649107, 55.235857918565905, 134.68852957843143, 142.33762678926468, 45.19955751995809, 57.57603668193913, 48.11444689487763, 59.62382074305537, 52.92447448959697, 58.48076606885378, 50.586559479766954, 126.15863030328127, 48.65182422068057, 51.70106381884226, 59.20304046246274, 46.70117771534247, 53.009433122794285, 50.76416058598822, 58.137767414994535, 51.85556864985669, 67.95586803212802, 93.08598175880189, 48.176757881783615, 48.31148931672465, 85.17041739947034, 60.22457969965419, 44.87761134463375, 83.30666239863412, 58.86425061104575, 53.33854141237835, 47.80167361086848, 56.60388679233962, 70.14271166700073, 69.39020103732227, 56.92099788303083, 46.57252408878007, 52.01922721455981, 59.64059020499378, 51.03920062069938, 244.80808810168017, 46.45427859734774, 53.2634959423431, 50.37856687124, 53.018864567246254, 44.81071300481616, 49.3051721424842, 55.85696017507576, 86.2670273047588, 54.53439281774392, 48.95916665957459, 83.80334122217323, 49.3051721424842, 45.066617356974994, 48.249352327259274, 52.64978632435273, 52.896124621752776, 58.18934610390462, 55.08175741568164, 54.286278192559855, 50.309044912421065, 209.65924735150605, 47.80167361086848, 58.42088667591412, 66.385239323211, 51.31276644267, 52.10566188045211
89.90550594930212, 36.42801120017397, 60.89334939055332, 31.096623610932426, 46.84015371452148, 34.88552708502482, 31.843366656181317, 50.17967716117751, 0.0, 30.903074280724887, 43.46262762420146, 83.24662155306964, 82.915619758885, 29.58039891549808, 36.30426972134269, 55.86591089385369, 98.6103442849684, 35.156791662493895, 41.20679555607303, 34.46737587922817, 123.11782974045636, 66.18912297349165, 44.48595283907045, 38.28837943815329, 78.33900688673555, 40.149719799769464, 33.645207682521445, 128.42507543311004, 102.64014809030625, 33.391615714128, 31.71750305430741, 53.131911315140925, 121.29303360045044, 44.51965857910413, 75.49172140042907, 32.93933818400121, 152.4827859136893, 166.18664206247144, 43.347433603386484, 33.481338085566414, 42.67317658670374, 34.132096331752024, 62.21736092120912, 31.68595903550972, 39.153543900903784, 150.2131818450032, 30.967725134404045, 37.53664875824692, 70.03570517957252, 37.5099986670221, 32.77193921634788, 41.79712908801273, 32.526911934581186, 38.301436004411116, 37.94733192202055, 115.19982638875807, 34.68429039204925, 42.07136793592526, 102.79105019407089, 33.03028912982749, 46.84015371452148, 97.28309205612247, 32.63433774416144, 32.202484376209235, 34.828149534535996, 35.7211421989835, 70.73895673530957, 94.38749917229505, 68.24954212300622, 45.42025979670306, 52.820450584977024, 68.78226515607058, 31.12876483254676, 272.07903263573985, 58.20652884342099, 41.43669871020132, 47.32863826479693, 33.06055050963308, 47.34976240700686, 38.66522985836241, 66.10597552415364, 110.65260954898443, 31.71750305430741, 52.3354564325181, 106.6255128944288, 32.41913015489465, 47.10626285325551, 45.760244754590204, 64.03124237432849, 30.364452901377952, 65.45227268781429, 34.55430508634199, 33.0, 35.02855977627399, 233.99786323810736, 34.36568055487916, 31.670175244226233, 78.39005038906404, 58.09475019311125, 40.01249804748511
93.60555539069249, 32.95451410656816, 59.99166608788257, 28.106938645110393, 50.46781152378217, 28.24889378365107, 28.548204847240395, 53.786615435440815, 30.903074280724887, 0.0, 38.62641583165593, 85.93602271457529, 87.16650732936361, 25.45584412271571, 26.814175355583846, 57.93099343184095, 101.07917688624102, 34.249087579087416, 38.71692136521188, 30.4138126514911, 128.03515142334936, 65.37583651472461, 45.18849411078001, 34.539832078341085, 81.03085831953157, 39.05124837953327, 31.22498999199199, 130.53735097664577, 106.82696288858914, 26.267851073127396, 25.357444666211933, 54.22176684690383, 124.86392593539577, 44.48595283907045, 78.60025445251433, 27.129319932501073, 152.87249589118377, 168.5081600398034, 43.58898943540674, 26.720778431774775, 41.641325627314025, 24.454038521274967, 62.51399843235114, 24.63736998950984, 37.44329045369811, 153.05881222588917, 28.142494558940577, 36.90528417449187, 75.2994023880668, 33.555923471125034, 31.38470965295043, 45.2990066116245, 25.0, 33.704599092705436, 29.103264421710495, 119.81652640600127, 30.528675044947494, 41.43669871020132, 107.2147377928986, 27.386127875258307, 47.46577714522327, 98.7471518576612, 23.916521486202797, 28.0, 30.0, 29.34280150224242, 67.26812023536856, 100.15987220439132, 68.9129886160802, 46.4327470649756, 53.094255809833136, 68.97825744392213, 27.60434748368452, 275.54310007692084, 59.0508255657785, 37.013511046643494, 48.83646178829912, 30.331501776206203, 51.15662224971465, 34.64101615137755, 66.56575696257048, 115.09561242723373, 24.515301344262525, 55.299186250793966, 110.9414259868693, 29.966648127543394, 48.062459362791664, 43.76071297408213, 66.34003316248794, 28.0178514522438, 65.52098900352466, 27.586228448267445, 24.779023386727733, 29.189039038652847, 237.32256529879328, 34.46737587922817, 23.15167380558045, 79.06958960308319, 59.632206063502295, 39.191835884530846
87.42997197757758, 42.68489194082609, 60.14149981501958, 42.118879377305376, 53.28226721902888, 43.3358973600409, 42.555845661906424, 55.614746245937326, 43.46262762420146, 38.62641583165593, 0.0, 84.0535543567314, 84.20213774008353, 41.569219381653056, 46.400431032480725, 53.81449618829484, 94.58858282054976, 43.71498598878879, 45.46427168667722, 43.2087954009366, 121.02479084881742, 64.68384651518491, 49.85980344927164, 44.14748010928823, 75.27283706623525, 46.400431032480725, 44.35087372307337, 122.47448713915891, 100.09995004993759, 43.174066289845804, 42.485291572496, 56.19608527290847, 119.64530914331745, 49.64876634922564, 76.13146524269712, 41.7612260356422, 149.45233353815524, 163.19007322750977, 46.62617290749907, 41.49698784249286, 45.18849411078001, 42.190046219457976, 60.149812967290266, 41.14608122288197, 43.42810150121693, 146.64583185348297, 40.8166632639171, 42.14261501141095, 73.22567855609124, 41.689327171351664, 43.09292285283048, 50.51732376126036, 41.291645644125154, 44.49719092257398, 48.11444689487763, 114.63856244737195, 41.97618372363071, 47.148700936505136, 102.01470482239313, 43.56604182158393, 49.70915408654627, 95.51439682058407, 42.59107887809371, 39.89987468652001, 39.774363602702685, 41.41255848169731, 69.50539547402057, 96.55050491841045, 68.57842226239971, 49.13247398615299, 53.99073994677235, 67.86751800382861, 41.20679555607303, 266.9793999543785, 59.77457653551382, 47.34976240700686, 52.88667128870941, 44.49719092257398, 54.48853090330111, 43.9089968002003, 61.87891401761993, 109.21996154549771, 41.46082488325576, 57.56735185849702, 104.0, 40.69397989875161, 50.67543783727971, 49.467160824126545, 67.59437846448475, 41.38840417314975, 65.64297372910524, 43.2087954009366, 39.7994974842648, 40.76763422127902, 230.87659041141438, 43.79497688091638, 40.3732584763727, 78.63841300535, 59.447455790807396, 44.67661580737735
66.73080248281148, 81.88406438373708, 67.36467917239716, 89.13472948295743, 66.18156843109719, 90.41570660012562, 83.72574275573791, 65.62011886609167, 83.24662155306964, 85.93602271457529, 84.0535543567314, 0.0, 61.87891401761993, 86.87347120957007, 100.08995953640904, 76.08547824650904, 73.70210309075311, 76.78541528180986, 70.02856560004639, 89.68834929911465, 79.58643100428615, 60.983604353957304, 68.97100840208152, 85.49853799919622, 63.8200595424354, 83.19855767980596, 89.21883209278185, 89.42594701763018, 81.51686941977103, 94.87360012142472, 88.3742043811428, 67.47592163134935, 76.53757247260981, 70.55494312945054, 61.814237842102365, 87.9374777896205, 114.4071676076285, 116.43882514007088, 71.78439941937245, 93.37558567420072, 77.31106001084191, 91.80958555619343, 64.72248450113763, 93.25234581499814, 82.15229759416349, 102.62553288534, 79.25276020429824, 79.98124780221924, 67.50555532695068, 74.77298977572049, 90.5317623820502, 76.1511654539837, 93.17725044236924, 79.60527620704548, 104.60401521930217, 74.79973261984297, 79.47955712005447, 79.61155694998057, 81.43709228600933, 94.39809320108114, 67.40919818541087, 85.44003745317531, 93.36487562247379, 85.246700815926, 81.16033513977132, 87.60136985230311, 85.55699854482975, 67.3721010508059, 57.358521598799946, 67.8159273327439, 74.79304780526061, 65.35288822997802, 81.78630692236935, 211.88912194824914, 57.94825277780168, 79.12648102879339, 69.49820141557622, 89.63816151617569, 60.876925020897694, 76.08547824650904, 64.1404708432983, 73.67496182557545, 86.02325267042627, 66.9850729640567, 78.47929663293371, 78.58116822750856, 68.69497798238238, 67.6904720030818, 58.68560300448484, 86.27861844049197, 62.01612693485461, 86.82165628459296, 85.70297544426332, 83.18052656722004, 177.48521065147935, 77.10382610480494, 91.7769034125689, 64.69157595854347, 64.92303135251773, 78.22403722641782
70.6257743320383, 81.60882305241266, 70.2922470831599, 88.56635930193812, 65.67343450741707, 91.27978965795221, 82.80700453464067, 68.4470598345904, 82.915619758885, 87.16650732936361, 84.20213774008353, 61.87891401761993, 0.0, 85.98837130682264, 97.29850975220535, 74.67261881037788, 72.98630008433089, 77.15568676384133, 68.22756041366274, 86.3075894692929, 87.44712688247682, 64.03124237432849, 71.84705978674423, 83.87490685538792, 70.69653456853455, 85.42247947700886, 87.11486669908874, 98.29547293746543, 82.03657720797473, 92.90855719469548, 87.54998572244315, 72.47068372797375, 81.46778504415104, 69.5197813575388, 70.02856560004639, 86.70640114778148, 120.7890723534211, 115.2345434320803, 76.6550715869472, 92.16289925995167, 76.99350621968063, 91.00549433962765, 64.21837743200929, 91.18662182579197, 83.48652585896721, 110.08632975987527, 79.10752176626443, 81.40024569987489, 70.79548008171143, 75.49834435270749, 89.3364427319557, 74.81978348003956, 93.1074647920348, 76.9285382676676, 102.65963179361204, 80.1373820385967, 79.48584779695062, 75.43871685016919, 87.42425292789181, 93.10209449845905, 69.28924880528002, 91.71150418568, 92.46621004453465, 83.96427811873333, 81.44937077718895, 87.51571287488893, 88.70738413458037, 73.29392880723478, 60.024994793835674, 66.2117814289874, 77.01298591796062, 69.19537556802477, 81.68231142664855, 219.97727155322207, 60.654760736483, 78.2815431631237, 70.39176088151227, 89.26365441768559, 62.74551776820397, 75.24626236564843, 63.75735251718032, 79.73079706111058, 84.46892919884802, 66.3023378170031, 78.07688518377255, 78.33262411026456, 68.60029154456998, 65.55150646628954, 62.056425936400814, 86.18004409374598, 66.40030120413611, 85.8079250419214, 84.88816171881683, 80.73413156775763, 180.87564789103038, 78.2815431631237, 90.66421565314509, 67.02238432046416, 67.15653356152326, 76.91553809211764
95.24704719832526, 33.34666400106613, 61.73329733620261, 26.645825188948457, 51.42956348249516, 29.899832775452108, 27.874719729532707, 54.17564028232615, 29.58039891549808, 25.45584412271571, 41.569219381653056, 86.87347120957007, 85.98837130682264, 0.0, 26.057628441590765, 58.54912467321779, 101.85774393731681, 36.373066958946424, 38.742741255621034, 31.0, 128.64291663360248, 68.57113095173507, 44.8998886412873, 35.199431813596085, 82.0121942152507, 42.13074886588179, 31.448370387032774, 133.67123849205558, 107.20074626605917, 25.92296279363144, 24.758836806279895, 54.954526656136345, 125.1678872554778, 43.73785545725808, 79.67433714816836, 29.359836511806396, 154.0194792875239, 169.07099100673656, 45.73838650411709, 27.60434748368452, 43.657759905886145, 24.535688292770594, 62.67375846396959, 25.592967784139454, 39.84971769034255, 155.61169621850408, 28.284271247461902, 36.3318042491699, 75.44534445544006, 34.75629439396553, 29.614185789921695, 44.06812907306141, 26.1725046566048, 32.863353450309965, 28.513154858766505, 120.20815280171308, 30.983866769659336, 40.43513323831146, 108.2266141020775, 26.153393661244042, 49.18333050943175, 98.62555449780751, 23.83275057562597, 27.892651361962706, 32.92415526630866, 30.805843601498726, 73.24616030891995, 100.90589675534329, 69.80687645210892, 45.8475735453906, 51.97114584074513, 71.42828571371429, 26.229754097208, 276.24264696096435, 60.00833275470999, 39.67366884975475, 49.14264950122246, 28.600699292150182, 52.316345438113316, 34.84250278036869, 68.79680225126747, 116.14215427655886, 25.553864678361276, 53.94441583704471, 111.45402639653715, 30.59411708155671, 46.968074263269514, 44.395945760846224, 66.86553671361654, 29.103264421710495, 67.7421582177598, 26.1725046566048, 26.115129714401192, 30.331501776206203, 237.70570039441628, 34.52535300326414, 24.576411454889016, 79.06958960308319, 59.14389233048498, 38.91015291668744
107.32660434393702, 38.87158345115362, 72.05553413860729, 27.477263328068172, 62.048368229954285, 31.984371183438952, 32.0624390837628, 65.13063795173512, 36.30426972134269, 26.814175355583846, 46.400431032480725, 100.08995953640904, 97.29850975220535, 26.057628441590765, 0.0, 66.79071791798619, 113.75412080447899, 43.31281565541543, 47.15930449020638, 29.966648127543394, 143.70107863199914, 78.91134265744057, 56.32938842203065, 38.41874542459709, 95.84883932526257, 46.73328578219169, 31.464265445104548, 146.8094002439898, 119.6536668890678, 20.273134932713294, 24.24871130596428, 66.47555941848101, 138.96762212832166, 54.36910887627275, 93.52539762011173, 28.19574435974337, 165.61702811003462, 181.78008691823206, 55.235857918565905, 23.302360395462088, 49.64876634922564, 20.322401432901575, 74.07428703673091, 20.8806130178211, 46.551047249229526, 169.162643630324, 34.249087579087416, 43.439613257946945, 88.87631855561975, 42.20189569201838, 33.823069050575526, 53.898051912847464, 24.041630560342615, 37.61648574760805, 12.884098726725126, 134.45073447177595, 36.837480912787726, 46.62617290749907, 120.7890723534211, 22.561028345356956, 58.60034129593445, 110.82418508610834, 19.209372712298546, 29.916550603303182, 37.72267222772003, 31.622776601683793, 79.63667496825819, 113.77609590770814, 81.67006795638167, 56.71860364994893, 62.369864518050704, 83.19254774317228, 32.41913015489465, 291.44639301250584, 72.04165461731151, 43.162483709814474, 58.154965394194846, 29.30870177950569, 62.70566162636353, 41.41255848169731, 79.48584779695062, 131.04197800704932, 25.059928172283335, 64.78425734698207, 124.14104881142256, 36.565010597564445, 58.09475019311125, 52.53570214625479, 77.43384273042376, 32.61901286060018, 77.93587107359485, 27.820855486487112, 28.0178514522438, 32.41913015489465, 251.24689052802225, 42.60281680828159, 19.05255888325765, 91.38380600522173, 71.90966555338719, 45.552167895721496
80.94442537939224, 57.18391382198319, 63.15853069855251, 57.60208329565867, 56.06246516163912, 62.0966987850401, 55.452682532047085, 56.52433104425032, 55.86591089385369, 57.93099343184095, 53.81449618829484, 76.08547824650904, 74.67261881037788, 58.54912467321779, 66.79071791798619, 0.0, 89.14594774862175, 54.945427471264615, 54.415071441651165, 60.423505360083176, 108.8806686239573, 62.112800613078136, 52.51666402200353, 58.42088667591412, 70.8942874990644, 57.905094767213704, 60.14149981501958, 117.34564329364768, 89.19641248391103, 62.928530890209096, 60.78651166171653, 59.84981202978001, 107.289328453486, 55.937465083787984, 71.70774016799024, 57.39337940912697, 142.52719038836062, 150.78793055148677, 55.60575509783138, 60.76183012385325, 49.658836071740545, 62.57795138864806, 53.59104402789705, 61.196405123176966, 56.621550667568265, 136.49542116862384, 55.02726596879042, 56.78027826631356, 64.69930447848725, 54.24020648928247, 59.67411499134277, 56.90342696182718, 62.153036933041335, 55.839054433254866, 69.76388750635962, 103.96153134693621, 56.07138307550475, 55.57877292636101, 92.72000862812729, 60.149812967290266, 54.92722457943783, 93.64293886887575, 61.335144900782616, 57.28874234961002, 54.405882034941776, 59.57348403442592, 75.62407024221852, 87.93179174792243, 66.32495759516172, 53.72150407425317, 60.72067193304106, 70.01428425685718, 55.53377350765928, 252.54702532399781, 58.81326381013045, 56.3382640840131, 57.0701322935211, 61.13918547053109, 53.86093203798092, 54.27706698044764, 64.61423991660043, 98.82813364624468, 58.45511098270193, 57.77542730261716, 91.57510578754469, 53.19774431308154, 52.55473337388365, 55.21775076911409, 64.13267497929586, 58.249463516842795, 64.98461356351979, 60.390396587537, 58.66856057549052, 56.39148871948674, 218.38040205109982, 54.97272050753901, 59.59865770300536, 78.20485918406861, 59.84981202978001, 52.933921071464184
73.25981162956946, 92.79547402756236, 80.4238770515324, 104.50358845513392, 84.04760555780278, 104.85704554296768, 98.91410415102591, 80.17480901130978, 98.6103442849684, 101.07917688624102, 94.58858282054976, 73.70210309075311, 72.98630008433089, 101.85774393731681, 113.75412080447899, 89.14594774862175, 0.0, 91.23595782365635, 85.48684109265004, 104.4030650891055, 83.01807032206904, 71.81225522151495, 83.14445261110329, 98.78258955909183, 73.66817494685205, 97.70363350459388, 103.07278981380101, 91.67878707749138, 88.3911760301898, 109.45775440780794, 104.4222198576529, 83.04817878797824, 86.95976080923866, 86.4291617453276, 73.74957626996917, 102.46462804304713, 114.71268456452408, 116.90166808048549, 85.86617494683223, 106.44716999526104, 93.55746896961247, 105.19980988575978, 77.37570678190927, 108.11105401391663, 95.40964311850244, 105.55567251455508, 95.69221493935649, 93.1289428695505, 83.37265738837884, 90.14987520790032, 103.4311365112073, 92.14662229295223, 107.34989520255714, 93.9734004918413, 118.86126366482901, 85.56284240252891, 94.38749917229505, 91.67333309092672, 90.62008607367353, 109.47602477255009, 82.99397568498571, 93.13431161500041, 108.49423947841655, 99.99499987499375, 94.71536306217698, 99.82985525382675, 92.35799911215054, 73.79024325749306, 74.67261881037788, 81.6394512475433, 82.80096617793781, 76.1774244773345, 98.17840903172143, 206.83568357515102, 75.1398695766768, 95.61903576171431, 85.20563361656318, 105.18079672639868, 79.22120928135344, 90.02777349240623, 72.8285658241325, 77.34339015067803, 100.83650132764424, 81.7618492941543, 80.76509146902515, 94.74703161577148, 82.0182906430023, 82.3164625090267, 76.60287200882223, 101.7152889196113, 75.08661665037252, 100.56838469419701, 99.62429422585637, 96.75226095549395, 171.1695066301238, 94.91575211733824, 105.64563407921787, 73.91210996852952, 77.56932383358772, 91.04394543296111
84.23182296495784, 38.379682124790975, 56.213877290220786, 38.63935817272331, 47.47630988187688, 40.50925820105819, 34.92849839314596, 49.839743177508446, 35.156791662493895, 34.249087579087416, 43.71498598878879, 76.78541528180986, 77.15568676384133, 36.373066958946424, 43.31281565541543, 54.945427471264615, 91.23595782365635, 0.0, 38.8329756778952, 41.71330722922842, 116.63618649458667, 60.6217782649107, 43.04648650006177, 40.98780306383839, 73.54590403278758, 44.83302354291979, 39.42080668885405, 121.90570126126177, 96.95875411740809, 40.4103947023535, 37.14835124201342, 51.21523210920751, 113.31372379372236, 43.034869582700026, 69.18814927427962, 37.8549864614954, 144.8205786482018, 157.77198737418502, 42.08325082500163, 40.18706259482024, 44.19275958796871, 39.20459156782532, 56.753854494650845, 39.26830783214372, 43.18564576337837, 142.56928140381433, 34.10278580995987, 40.311288741492746, 69.24593850905626, 37.986839826445156, 41.060930335295616, 42.883563284783136, 38.8587184554509, 37.66961640367472, 46.216880033165374, 111.02702373746672, 37.881393849751625, 43.88621651498338, 99.07572861200669, 41.2674205639267, 45.51922670696417, 91.91300234460846, 39.91240408695021, 36.75595189897821, 37.1887079635741, 38.34057902536163, 68.43975452907469, 89.61584681293817, 61.155539405682624, 44.41846462902562, 50.89204259999789, 63.474404290233394, 34.62657938636157, 262.73370548903694, 54.31390245600108, 43.439613257946945, 46.475800154489, 39.534794801541594, 45.033320996790806, 38.97435053981015, 60.398675482166, 105.47037498748168, 35.35533905932738, 50.586559479766954, 98.46319109189992, 35.510561809129406, 44.73253849269008, 41.95235392680606, 60.34898507845845, 35.4964786985977, 59.782940710540494, 38.49675310984031, 36.72873534441391, 36.013886210738214, 224.71982556063006, 36.124783736376884, 36.9729630946723, 71.79832867135558, 55.18151864528558, 39.25557285278104
77.82673062643708, 39.96248240537617, 52.0, 41.82104733265297, 44.0, 45.221676218380054, 38.07886552931954, 48.16637831516918, 41.20679555607303, 38.71692136521188, 45.46427168667722, 70.02856560004639, 68.22756041366274, 38.742741255621034, 47.15930449020638, 54.415071441651165, 85.48684109265004, 38.8329756778952, 0.0, 43.01162633521314, 110.67971810589327, 54.120236510939236, 43.278170016764804, 41.737273509418415, 70.73188814106408, 47.74934554525329, 43.3358973600409, 116.29703349613007, 93.5467797414748, 44.93328387732194, 39.72404813208241, 49.467160824126545, 106.25441167311595, 41.7612260356422, 67.38694235532579, 41.19465984809196, 137.0, 148.53282465502363, 43.0, 43.02324952859791, 43.485629810317796, 40.779897008207364, 51.137070702182385, 43.243496620879306, 44.50842616853577, 136.2791253273956, 35.22782990761707, 40.7308237088326, 67.16397844082793, 34.77067730142742, 45.628938186199335, 44.66542286825459, 44.11349000022555, 35.651086939951774, 51.82663407939975, 105.28532661297109, 36.42801120017397, 41.10960958218893, 95.20504188329524, 44.955533585978046, 42.68489194082609, 88.64536084872124, 43.669211121796096, 38.535697735995385, 39.153543900903784, 41.20679555607303, 67.21606950722423, 83.73171442171717, 53.98147830506312, 39.68626966596886, 48.2078831727758, 58.57473858242988, 36.945906403822335, 255.12545933324648, 48.062459362791664, 40.92676385936225, 42.190046219457976, 43.71498598878879, 43.289721643826724, 35.17101079013795, 55.767373974394744, 101.17311895953391, 36.55133376499413, 48.23898838076935, 95.51439682058407, 35.874782229304195, 41.65333119931706, 34.61213659975356, 53.62835071116769, 42.16633728461603, 52.306787322488084, 38.39270764090493, 36.91882988394946, 37.21558813185679, 216.47401691658055, 39.102429592034305, 41.14608122288197, 65.56675987114203, 50.049975024968795, 39.28103868280471
94.5462849613881, 38.61346915261564, 64.4980619863884, 29.68164415931166, 52.61178575186362, 32.01562118716424, 32.71085446759225, 55.263007518592396, 34.46737587922817, 30.4138126514911, 43.2087954009366, 89.68834929911465, 86.3075894692929, 31.0, 29.966648127543394, 60.423505360083176, 104.4030650891055, 41.71330722922842, 43.01162633521314, 0.0, 131.36209498938422, 68.95650803223725, 49.36598018878993, 37.14835124201342, 83.30066026148893, 39.08964057138413, 34.292856398964496, 131.07631364972087, 107.92126759818937, 28.478061731796284, 29.93325909419153, 57.19265687131522, 127.4441053952673, 47.05316142407437, 83.79140767405688, 31.796226191169293, 155.92626462530293, 169.87642567466506, 48.63126566315131, 29.410882339705484, 43.116122274620196, 29.376861643136763, 66.4304147209695, 28.106938645110393, 40.87786687193939, 155.8589105569521, 33.21144381083123, 40.2119385257662, 77.64663547121665, 37.93415347678132, 32.28002478313795, 50.62608023538856, 30.59411708155671, 39.50949253027682, 32.71085446759225, 119.9208072020865, 34.19064199455752, 40.422765862815474, 108.71062505569546, 29.8496231131986, 49.658836071740545, 102.62553288534, 28.407745422683583, 31.670175244226233, 33.63034344160047, 35.185224171518364, 71.61005515987263, 101.82828683622247, 74.5385806143369, 49.60846701924985, 55.49774770204643, 73.287106642301, 32.41913015489465, 278.5444309261989, 61.98386886924694, 41.2674205639267, 53.04714883949938, 32.63433774416144, 55.02726596879042, 38.79432948254165, 70.27090436304346, 117.285975291166, 30.757112998459398, 57.645468165329355, 113.79367293483412, 33.98529093593286, 50.269274910227224, 47.8748368143433, 68.64400920692205, 34.61213659975356, 70.73895673530957, 32.7414110874898, 29.478805945967352, 32.90896534380867, 239.931240150173, 39.30648801406709, 29.0, 83.61220006673668, 64.55230437405004, 44.66542286825459
80.95060222135473, 121.84826629870447, 95.15250916292223, 130.5565011786085, 103.51811435686027, 130.64072871811456, 125.44321424453376, 100.36931802099683, 123.11782974045636, 128.03515142334936, 121.02479084881742, 79.58643100428615, 87.44712688247682, 128.64291663360248, 143.70107863199914, 108.8806686239573, 83.01807032206904, 116.63618649458667, 110.67971810589327, 131.36209498938422, 0.0, 90.4267659490264, 105.18079672639868, 125.25174649480941, 81.9817052762383, 119.17214439624723, 130.5833067432434, 80.66597795849252, 86.85044617041412, 137.6117727521886, 131.0953851209111, 102.87370898339381, 73.08898685848642, 107.50813922675809, 77.95511529078769, 129.47200469599596, 110.4581368664165, 106.29205050237765, 104.513157066467, 135.42156401400774, 114.78240283248996, 134.77017474204, 96.70056876771719, 135.9190935814391, 117.21348045340177, 86.0116271209887, 121.06609764917675, 117.87705459503134, 89.31405264570633, 115.47727049077668, 128.3666623387864, 109.4120651482276, 134.28328265275616, 121.1156472137271, 148.02026888233922, 74.98666548127073, 119.00840306465759, 117.81341180018512, 84.16650165000326, 136.758911958234, 103.80751417888784, 98.2344135219425, 136.23876100434853, 127.46372032857036, 120.80976781701055, 128.46011054019843, 110.9684639886486, 76.6355009117837, 85.13518661517105, 103.4456378974, 107.75899034419355, 92.04890004774636, 124.29400629153443, 179.26795586495652, 92.33634170791044, 119.97082978791136, 104.77595143924965, 129.9961537892564, 98.62048468751307, 116.59759860305871, 89.81091247727082, 62.321745803531535, 128.9728653632228, 99.39315871829409, 82.09141246196218, 119.63695081370136, 104.37911668528336, 107.54533927604673, 92.5526876973327, 126.54643416548726, 93.637599285757, 130.0769003320728, 127.55783002230793, 124.1491039033307, 154.26276284314372, 117.17934971657762, 134.77017474204, 87.80091115700337, 95.9218431849597, 116.940155635265
